#     tau
1 0.000322856
2 2.2682
3 1.57957
4 0.0678048
5 1.82812
6 0.904576
7 0.054317
8 0.36913
9 0.770132
10 0.376461
11 0.343138
12 0.521979
13 1.44145
14 0.272069
15 0.818197
16 2.22549
17 0.929157
18 1.16962
19 1.88322
20 1.93196
21 4.36931
22 1.37249
23 2.04891
24 0.0724115
25 0.681056
26 0.134057
27 0.508901
28 0.869913
29 0.723372
30 2.12773
31 1.51953
32 2.67762
33 3.45741
34 0.542089
35 0.401258
36 0.563475
37 0.421292
38 2.88354
39 0.447153
40 2.7842
41 2.55758
42 0.860441
43 1.96409
44 1.55205
45 3.10851
46 2.56844
47 0.753285
48 3.12143
49 1.53815
50 0.143389
51 1.85286
52 1.04961
53 2.45111
54 1.14414
55 0.469373
56 2.21002
57 1.0239
58 3.86705
59 1.45876
60 0.851076
61 2.12687
62 0.839154
63 0.375051
64 1.25644
65 2.28442
66 0.970371
67 0.581844
68 0.486491
69 0.449068
70 0.921278
71 3.00844
72 1.3532
73 2.93954
74 1.03609
75 0.93141
76 1.08662
77 0.31453
78 0.588284
79 0.0246967
80 1.24136
81 0.231689
82 2.45046
83 0.369499
84 0.233304
85 1.17348
86 0.593607
87 1.32412
88 3.84429
89 0.611603
90 0.708421
91 0.869202
92 0.404047
93 2.41766
94 3.95362
95 1.46081
96 2.63335
97 1.77316
98 1.206
99 1.02586
100 0.638957
101 0.548956
102 1.04735
103 0.733805
104 0.416126
105 0.553253
106 0.471504
107 2.9272
108 2.62014
109 3.58094
110 0.247954
111 2.59392
112 1.44103
113 2.13957
114 2.43791
115 0.511033
116 0.472575
117 2.06934
118 1.03666
119 0.0452347
120 0.176719
121 2.54184
122 0.905946
123 1.22719
124 0.131041
125 2.15286
126 0.482749
127 0.591763
128 0.0205989
129 1.0242
130 0.271549
131 0.00646034
132 0.766648
133 1.70368
134 0.55992
135 0.689754
136 1.69
137 2.06548
138 1.01024
139 2.37753
140 0.00410211
141 2.63211
142 0.535522
143 4.47862
144 1.17708
145 0.236059
146 1.5743
147 0.617453
148 1.80272
149 1.112
150 0.486286
151 0.207381
152 0.53991
153 3.13574
154 2.64171
155 0.919548
156 0.313981
157 0.938529
158 0.0729139
159 0.0242321
160 1.36869
161 1.99523
162 1.33811
163 0.531681
164 0.477017
165 0.618001
166 2.87914
167 0.3328
168 0.383867
169 1.77798
170 1.66865
171 0.0498953
172 1.07431
173 1.36309
174 10.3701
175 0.175744
176 6.98145
177 2.24587
178 5.54736
179 0.625156
180 0.393436
181 0.610058
182 0.0435393
183 0.873709
184 0.793868
185 0.9663
186 0.422783
187 0.680996
188 0.476937
189 0.0589674
190 4.68022
191 1.59072
192 0.174758
193 1.50775
194 1.42604
195 1.50101
196 0.0758671
197 0.205906
198 0.354038
199 0.774304
200 1.11914
201 1.93677
202 3.21897
203 1.54762
204 4.90374
205 1.77741
206 1.19438
207 0.984578
208 1.22943
209 1.02569
210 2.67243
211 0.270474
212 2.25308
213 1.57996
214 2.19535
215 0.0828853
216 0.480327
217 2.51523
218 1.70929
219 1.1471
220 1.2454
221 0.399634
222 1.6009
223 0.457381
224 0.865548
225 2.66705
226 2.36059
227 0.479421
228 0.409475
229 0.0257038
230 0.451609
231 0.731016
232 0.480569
233 0.0570942
234 0.642269
235 0.325969
236 0.112956
237 0.521368
238 0.49878
239 0.684826
240 0.0601239
241 2.26809
242 1.36682
243 0.061718
244 2.76294
245 0.598952
246 0.0551792
247 0.0185836
248 3.31097
249 0.860622
250 0.480753
251 0.739773
252 0.665901
253 0.460897
254 0.963486
255 0.693354
256 3.2735
257 0.561249
258 1.18422
259 1.88722
260 7.63118
261 0.877339
262 2.06728
263 4.75592
264 0.126726
265 0.378701
266 1.01342
267 1.09123
268 0.341631
269 1.03262
270 2.06946
271 0.687147
272 2.52469
273 1.43282
274 0.899578
275 0.0785535
276 0.0854204
277 3.26037
278 0.612888
279 0.830096
280 0.588178
281 2.54409
282 0.547723
283 2.51101
284 0.532864
285 1.65904
286 1.20356
287 0.659085
288 0.501149
289 0.737488
290 4.92137
291 2.11367
292 0.0110733
293 0.694609
294 0.562237
295 0.649292
296 0.828892
297 1.3832
298 1.15558
299 0.154172
300 0.324297
301 0.64046
302 4.62484
303 5.50189
304 0.44861
305 1.65537
306 0.381967
307 3.42269e-05
308 0.359949
309 0.904622
310 0.242435
311 0.591958
312 0.128216
313 3.59178
314 0.377941
315 1.22212
316 4.1278
317 0.316684
318 0.221885
319 1.32997
320 3.1287
321 1.87785
322 2.35093
323 1.14169
324 0.7898
325 0.26077
326 3.99953
327 2.67251
328 0.691319
329 0.229359
330 1.98312
331 1.79057
332 0.00384503
333 1.69064
334 0.142783
335 0.207775
336 1.47783
337 4.2504
338 0.434431
339 2.05235
340 0.844188
341 4.79701
342 0.495509
343 0.257916
344 0.2676
345 0.913492
346 0.775989
347 0.309217
348 1.36387
349 0.447167
350 1.06707
351 0.2401
352 0.0699014
353 0.736342
354 0.427241
355 1.21489
356 0.541677
357 3.85782
358 2.32657
359 0.15221
360 0.407915
361 0.0488585
362 1.05409
363 2.53089
364 1.02813
365 0.95128
366 1.11424
367 1.60378
368 1.59788
369 0.0580513
370 0.272139
371 0.039995
372 0.000346559
373 0.0678587
374 1.74013
375 6.25613
376 1.01287
377 0.493066
378 0.875264
379 4.82849
380 0.230259
381 2.77573
382 2.96691
383 0.145378
384 1.00945
385 0.122145
386 0.738148
387 0.343977
388 0.254864
389 0.786616
390 3.62246
391 3.6488
392 0.132829
393 2.39744
394 0.910586
395 3.37319
396 1.58603
397 0.0868897
398 0.848272
399 0.714762
400 0.277816
401 0.546412
402 1.46713
403 3.80074
404 1.72308
405 0.421299
406 0.498744
407 0.627568
408 2.38588
409 0.286373
410 0.509439
411 0.196838
412 0.262578
413 3.30381
414 3.34581
415 0.145012
416 0.346264
417 3.31854
418 0.200072
419 0.31804
420 0.473112
421 1.81259
422 0.966386
423 0.0820934
424 0.510061
425 0.971532
426 0.148728
427 0.692553
428 4.37619
429 0.331008
430 1.32853
431 0.619669
432 1.9067
433 0.550536
434 0.699598
435 0.275324
436 0.0479901
437 1.13984
438 0.00431567
439 0.366378
440 1.00256
441 1.15861
442 2.61551
443 0.787446
444 0.227833
445 0.107393
446 0.239545
447 1.00953
448 1.65
449 0.511091
450 0.331813
451 0.508142
452 0.856585
453 0.225174
454 0.592705
455 0.977367
456 0.736022
457 1.25704
458 0.526417
459 0.108257
460 1.60895
461 2.63774
462 0.0430087
463 0.450425
464 1.01619
465 0.577156
466 1.24841
467 1.79335
468 1.50383
469 0.427528
470 3.80944
471 0.885261
472 3.13772
473 2.6295
474 0.00865215
475 1.29423
476 0.335072
477 0.12602
478 1.15758
479 0.252439
480 1.31595
481 1.65441
482 1.25128
483 0.355748
484 0.664211
485 0.893165
486 0.494132
487 1.3923
488 0.197359
489 0.229332
490 2.29394
491 1.41491
492 0.0638881
493 2.9374
494 1.83156
495 0.187646
496 1.27836
497 0.0190904
498 4.30347
499 0.234947
500 0.825101
501 0.893199
502 0.0458594
503 0.050856
504 0.478743
505 0.187384
506 0.982046
507 1.37681
508 3.5346
509 0.991911
510 1.90778
511 1.32806
512 0.74736
513 1.43362
514 0.141494
515 0.891571
516 1.70089
517 0.0393651
518 0.117014
519 1.85506
520 1.39408
521 1.56164
522 2.43538
523 2.88724
524 2.06066
525 1.47054
526 0.172045
527 1.17333
528 0.296774
529 2.00671
530 0.0170204
531 0.155733
532 2.76066
533 1.29707
534 0.734312
535 0.462565
536 0.550428
537 1.26633
538 3.17506
539 2.00668
540 0.415895
541 0.369049
542 0.330549
543 1.75587
544 0.504317
545 0.149903
546 1.2535
547 0.789932
548 0.859344
549 1.44579
550 0.592431
551 4.89605
552 0.488796
553 1.05549
554 1.82178
555 0.0155723
556 1.47788
557 0.879914
558 0.361913
559 0.143081
560 3.86846
561 1.06207
562 1.85363
563 0.9069
564 2.25495
565 3.01261
566 1.19553
567 4.67073
568 1.38683
569 0.790699
570 0.926129
571 0.163373
572 0.982945
573 0.873196
574 1.15734
575 0.151122
576 0.383037
577 2.77145
578 1.15187
579 0.214116
580 0.238648
581 0.0818001
582 1.75512
583 0.558467
584 0.883208
585 3.26395
586 0.310355
587 3.95927
588 0.443852
589 0.0766486
590 0.444865
591 0.315779
592 2.058
593 6.21572
594 0.21351
595 0.105146
596 1.77309
597 2.07525
598 0.384712
599 2.25589
600 0.012176
601 0.0216261
602 0.524767
603 4.96913
604 0.34371
605 1.28554
606 0.844094
607 0.378241
608 0.707211
609 1.55142
610 1.09929
611 0.023909
612 1.2568
613 0.822519
614 0.211694
615 0.0404956
616 1.68917
617 0.921869
618 1.0338
619 1.21146
620 1.99268
621 0.745432
622 1.70546
623 0.747073
624 0.173391
625 1.7775
626 2.31353
627 1.90258
628 2.68972
629 0.36124
630 2.30415
631 0.926993
632 0.757961
633 0.161244
634 5.08262
635 0.763349
636 1.43206
637 0.296545
638 0.171607
639 0.378934
640 2.97794
641 1.49915
642 0.563529
643 0.699223
644 0.423175
645 0.549509
646 1.83451
647 0.0358909
648 0.043033
649 1.53925
650 2.17667
651 1.45241
652 0.0193347
653 0.706181
654 0.21131
655 2.41867
656 0.970822
657 0.622185
658 2.11519
659 1.33824
660 0.625201
661 0.220628
662 2.10124
663 4.37181
664 1.47454
665 2.59644
666 1.63484
667 0.168113
668 1.2411
669 0.139736
670 1.12062
671 0.157126
672 0.542425
673 1.79969
674 0.796414
675 1.53136
676 2.95132
677 0.0846279
678 2.63296
679 1.31341
680 3.37833
681 0.553576
682 0.459404
683 1.3673
684 1.22856
685 1.44841
686 0.773157
687 2.89595
688 0.890376
689 1.39063
690 0.428596
691 0.157382
692 1.16743
693 0.196924
694 0.96044
695 0.80056
696 0.883272
697 1.64697
698 0.674294
699 3.5732
700 0.0518919
701 0.324407
702 3.94141
703 0.870357
704 3.68859
705 0.721315
706 0.0505563
707 0.597913
708 0.796837
709 0.448999
710 2.10142
711 0.738242
712 0.507856
713 2.34885
714 0.0657622
715 2.09697
716 0.679805
717 0.201643
718 2.79523
719 0.489708
720 0.285124
721 0.52386
722 5.84054
723 1.97323
724 0.56487
725 4.0793
726 0.486294
727 0.485911
728 0.497459
729 1.15692
730 0.516373
731 0.570895
732 0.0482646
733 0.00914409
734 2.88645
735 3.36227
736 1.06661
737 0.0680102
738 0.431064
739 0.95227
740 3.88092
741 0.36197
742 0.485077
743 1.94534
744 1.15009
745 0.0592897
746 4.42979
747 0.0829865
748 0.207671
749 0.514178
750 0.177083
751 0.53395
752 0.990367
753 1.48337
754 1.30503
755 1.5928
756 1.80466
757 4.51474
758 0.534519
759 0.424596
760 0.597684
761 2.59492
762 0.990409
763 0.101063
764 2.64156
765 1.13352
766 1.68245
767 0.312431
768 0.504631
769 4.52468
770 0.888293
771 0.110956
772 0.438676
773 0.581119
774 0.684495
775 0.579219
776 0.392685
777 0.555287
778 0.960622
779 0.609108
780 1.71071
781 0.265436
782 1.84263
783 0.996808
784 0.168007
785 1.99458
786 0.808519
787 2.58421
788 0.682196
789 1.67481
790 1.96416
791 0.740862
792 0.201098
793 0.832902
794 0.728663
795 0.507803
796 0.00128234
797 2.15554
798 2.68476
799 3.35251
800 0.592086
801 1.44603
802 0.145909
803 0.268849
804 1.0552
805 0.806172
806 0.990725
807 0.576071
808 0.710139
809 0.0525119
810 0.120567
811 0.444241
812 1.2193
813 0.475119
814 2.0238
815 0.602796
816 1.10319
817 0.242605
818 0.35034
819 0.440325
820 1.26224
821 0.248388
822 0.356969
823 3.77581
824 0.796977
825 0.604118
826 1.63231
827 0.277615
828 1.80929
829 0.126453
830 1.68962
831 2.06715
832 5.48653
833 0.198138
834 0.595513
835 0.194558
836 2.45669
837 0.170222
838 0.430157
839 2.97378
840 4.84399
841 0.306359
842 4.37976
843 0.85496
844 3.13207
845 0.321047
846 0.17038
847 0.159747
848 0.154796
849 0.170595
850 0.974138
851 0.128512
852 0.752067
853 3.60326
854 0.657044
855 0.716006
856 0.316794
857 1.52356
858 3.9972
859 1.14985
860 1.58109
861 0.268479
862 0.848662
863 0.467184
864 0.879846
865 0.98557
866 1.07998
867 4.0472
868 2.99343
869 1.16484
870 2.49965
871 0.0398142
872 0.260817
873 1.40121
874 0.0484271
875 2.87472
876 2.8422
877 1.47508
878 1.37196
879 0.191488
880 0.810404
881 0.60665
882 0.0232668
883 0.282866
884 2.01926
885 0.979649
886 0.700522
887 1.92193
888 0.470308
889 1.59746
890 2.14531
891 1.15321
892 2.26859
893 0.27484
894 3.10145
895 0.561241
896 1.83245
897 0.680706
898 0.182305
899 0.0870383
900 0.245942
901 0.915925
902 0.564963
903 2.13306
904 0.945906
905 1.4669
906 0.502818
907 0.406572
908 0.692043
909 0.798668
910 0.264588
911 0.0165052
912 1.4093
913 0.625277
914 0.343772
915 0.293122
916 3.32533
917 0.746239
918 5.84741
919 0.30318
920 0.465562
921 0.0463642
922 0.825991
923 1.2869
924 0.911391
925 1.05508
926 0.00462586
927 0.636084
928 0.302583
929 0.0373756
930 0.897172
931 2.94331
932 0.026106
933 2.64122
934 0.577028
935 2.04828
936 1.9326
937 5.28352
938 1.25411
939 1.34814
940 0.407533
941 1.25118
942 4.82705
943 2.53415
944 0.666425
945 0.387231
946 0.183256
947 2.48477
948 3.68542
949 1.12607
950 1.7753
951 0.937277
952 0.170898
953 0.985094
954 3.29619
955 1.44771
956 0.884506
957 0.373477
958 0.455193
959 0.0216007
960 1.42528
961 0.272378
962 3.66084
963 0.366027
964 1.49057
965 2.96785
966 0.0846372
967 0.364833
968 2.87763
969 0.410115
970 1.94633
971 0.0470018
972 0.360954
973 0.37702
974 0.841503
975 3.04811
976 0.538439
977 3.12075
978 0.398672
979 0.787438
980 0.36076
981 0.186688
982 4.20129
983 2.9673
984 0.52841
985 0.0516555
986 0.899217
987 0.18868
988 3.08441
989 0.413164
990 0.201799
991 0.249765
992 0.417115
993 1.11992
994 0.564545
995 0.808214
996 1.23595
997 1.3001
998 0.642603
999 2.91005
1000 1.6076
